Tetal U.S.
mal
50-L
35-49
30-3
25-2
21-24
18-20
TUTAL
+59
28.1
9
1990
1989- 22.7
Umwrigit! snedn Estinote
1989
20.09
24
1994
1993
1992
1988
22.3
17.97
2.1
24.59
23,98
26.53
2082
1-5.84
3851
20.5
20.4
19.
20
2.6
.17.5
20.79
Q37
1989
21.58
20.
24.66
Q2y3
152
19.76
1987
...
20.7
22.3
25.5
19.0
17.86
1590
19.56
8+S)
(8.47
21.9
21.43
20.
8.8
159
1990
25.7
1
199
9.5
134
2150
a135
Lo'h
18.80
16.86
31
5b1
xc.5
hh61
21.
21.5
1.1
27
161
17.0
21.4
1992
11.8
23.5
1992.
199
35.0
2
139
1913
8881
12.0
191
19.
22.6
20.3
18.3
rc.
202
1993
1.
20.0
1C.8
17.3
66
15.4
20.3
hobl
12.3
18.5
19.9
162~
8
16.3
5h)
Mor
1995
199
198-1994
x WT9O $ all
0.
210
19,4
19.6
18.1
23.3
524741914
/1n\
-2.5%
wiTay