101363
wiem
NIC
B3
PUFFS
35.0
1068
15.3
16
2
37.1
1133
18.2
17
3
39.1
1030
18.8
16
36.6
1065
15.6
17
37.6
1164
16.8
17
6
39.3
1168
18.9
16
7
91E
1247
16.0
16
8
36.7
1064
16.4
16
9
1168
17.6
17
10
85.3
1205
15.2
16
86.0
1198
16.9
16
12
36.6
811
16.2
17
37.0
16.73
16
GROUP B
98.5
1285
17.2
17
2
36.7
1080
16.0
16
398
1196
18.4
16
4
38.4
12.25
18.3
16
5
38.8
1248
18.8
17
6
36.1
1107
17.6
16
86.9
1307
16.1
17
8
33.5
h6o1
13.5
17
50599
9
35.5
1173
16.3
16
10
37.2
123
18.1
17
8562
I1
38.9
1180
18.y
16
12
35.9
1148
15.y
17
37.
67