se
SHOTBY
DATE
TIME
SHOOTING SCHEDULE
evw
275
CUSTOMER
ENTIREJOB
JOB NO
SLIDES LISTED
DATE DUE
pm
DUPESETS
RECORD
RECORD
RECORD
RECORD
NO
RECORD
RECORD
NO
NAME
EA
NAME
NAME
NAME
EA
NAME
EA
NAME
EA
35
69
103
137
171
AE
2
36
104
138
105
173
106
140
174
107
37
141
175
108
176
75
fA
109
177
76
110
178
43
17
45
179
44
7:
46
180
45
147
181
12
46
80
Ste
48
182
13
47
81
115
149
183
14
48
82
P
116
150
557
184
15
49
83
117
151
185
16
37
50
84
 
118
152
186
85
119
153
187
18
86
120
154
188
19
87
121
155
189
88
122
156
190
et
55
89
123
157
191
56
22
90
124
158
192
23
57
91
125
159
193
24
5
92
126
160
194
25
59
93
127
161
195
26
60
94
128
162
196
27
61
95
129
163
197
28
62
96
130
164
198
29
63
97
131
165
199
30
64
98
132
166
200
31
65
99
133
167
201
32
100
134
168
202
33
101
135
169
203
2041526509
34
68
102
136
170
204
COMMENTS